1	A.TGG.CGGT	0.489918440948268731


A:	0.0234035461284935359	0.14457143000267536	0.422088546148001809	0.312834066918292064	0.111515752774139611	0.129522569828571191	0.397926219907865609	0.567529881446830701	0.082626388465035258	0.01419343806562289	0.00428712803015628666	0.109477144541589823	0.00338438192504132041	0.00116315957778880789	0.00257588878926420367	0.0236200504133380568	0.136765819378909109	0.0584928448546613204	0.463447896153075624	0.368200627715982572	0.160867889181567586	0.113966467719430672	0.174544872671531478
C:	0.887221657829837763	0.554391481890878841	0.20828491969684791	0.207181106119484752	0.491853831459269762	0.296303347417392607	0.0933703405778285503	0.163380138225115392	0.0398755008382887669	0.00365758326187134637	0.000730902037163791115	0.288077827296634321	0.992406445092599985	0.00147239248736941886	0.00115799020735040436	0.243132206525811106	0.484681829351281873	0.420595757137430764	0.177478576213786562	0.238594747773961791	0.0781246803265186846	0.162044106618551814	0.066703903718130808
G:	0.060664194676279282	0.0820544734827725556	0.218841965796074697	0.251838728437073061	0.190539769536730214	0.261064589307534759	0.366846644776036578	0.142803414366399424	0.0121036970826118	0.971574875779334698	0.989280518492863214	0.344760604617358017	0.00102155787831109721	0.986530574413397989	0.993203451452860871	0.00147896649517535576	0.262924912701596887	0.348419733472374124	0.219080684712811178	0.154609876736093846	0.217839014890642141	0.330220438656675066	0.710296395356611407
T:	0.0287106013653894195	0.218982614623673244	0.150784568359075585	0.228146098525150124	0.206090646229860413	0.313109493446501442	0.141856794738269263	0.126286565961654483	0.865394413614064175	0.0105741028931710654	0.00570145143981670795	0.257684423544417839	0.00318761510404759738	0.0108338735214437846	0.00306266955052452063	0.731768776565675481	0.115627438568212131	0.172491664535533792	0.139992842920326636	0.238594747773961791	0.543168415601271589	0.393768987005342448	0.048454828253726307



2	CGCCG.CCA	0.489875428060945953

