1	CCAGCTGG	0.498133310180591387


A:	0.0765600424793587064	0.122166751756342327	0.162470026904028752	0.608302028776881672	0.0422007205486276107	0.177143452902368261	0.136341667104883109	0.681988104670834412	0.00785227522171438145	0.964717564740237876	0.0454146566345500195	0.0056910623770091066	0.0174469928822515695	0.0674068766386981756	0.0031054611894642273	0.294108216193546498	0.381815589720379472	0.0755540910684934512	0.012566056491373278	0.541854488536956414	0.286370949565419867	0.666749456636391504
C:	0.15084548649479663	0.435250716533921339	0.211068132173309987	0.314466438506216843	0.720100981447621091	0.101062695018731177	0.221090818947475142	0.307494172999660086	0.90457418391213109	0.0101094931384534204	0.0255316008590880847	0.923362680129352789	0.00772594923905713372	0.0201666642274563527	0.00741226114004127419	0.605154436686019291	0.290235590218127773	0.579199963094717248	0.925395772588191567	0.245246120480660298	0.105600740996717753	0.0414618285387385699
G:	0.0775554396101559864	0.0338482559639165491	0.3402984786731896	0.0692898180957086701	0.129040707691769481	0.587759867319369722	0.265963768924175819	0.00741226114004127419	0.0201666642274563527	0.00772594923905713372	0.923362680129352789	0.0255316008590880847	0.0101094931384534204	0.90457418391213109	0.307494172999660086	0.0733752012763227772	0.14230719464345862	0.0683957023566678812	0.0202391392495716371	0.170476428851422044	0.490408066215706021	0.227806257445658253
T:	0.695039031415688677	0.408734275745819784	0.286163362249471661	0.00794171462119281542	0.108657590311981817	0.13403398475953084	0.37660374502346593	0.0031054611894642273	0.0674068766386981756	0.0174469928822515695	0.0056910623770091066	0.0454146566345500195	0.964717564740237876	0.00785227522171438145	0.681988104670834412	0.0273621458441114338	0.185641625418034135	0.276850243480121419	0.041799031670863518	0.0424229621309612436	0.117620243222156359	0.0639824573792116725



2	ACAGCTGT	0.497996874379837269


A:	0.0822279730622895597	0.0227529392151521889	0.0787437919047376124	0.0207183689737557803	0.104890793389316127	0.332775053877704932	0.145731084831521411	0.494505420076807668	0.0118259842666074419	0.971733723899211922	0.128534686688773866	0.00230537250200826055	0.0121700509741694878	0.0307953139301317612	0.00244789440586323696	0.290785809276561191	0.345249803507618222	0.106317644903909015	0.0110267132585271085	0.719432759121992901	0.35165300173324019	0.594375664719749889
C:	0.201558143301203296	0.722823712820467104	0.167998842389766155	0.00663276588664832825	0.137176186024415702	0.190104428182674965	0.194732001498730296	0.495157950711126594	0.954145975231021178	0.0119813827084452532	0.00993092822014499907	0.859229012589072874	0.00411484241817333696	0.00323272657223961892	0.00788873480620250083	0.540394021907781685	0.315119368205071122	0.511236684841130279	0.748026237925141636	0.138024005045348724	0.369240380811315351	0.163144136587223518
G:	0.218002482866526376	0.0323130864837377831	0.306566356640397368	0.376548828404299343	0.160403751295615142	0.230132312883846174	0.289744346686287124	0.00788873480620250082	0.00323272657223961892	0.00411484241817333696	0.859229012589072874	0.00993092822014499907	0.0119813827084452532	0.954145975231021178	0.495157950711126594	0.0867100685374449845	0.214186537534508477	0.0380528683890623566	0.117425817212594427	0.100906881339718467	0.163764377338124656	0.182980076616306434
T:	0.498211400769980768	0.222110261480642924	0.446691009065098864	0.596100036735296548	0.597529269290653029	0.246988205055773929	0.369792566983461169	0.00244789440586323696	0.0307953139301317612	0.0121700509741694878	0.00230537250200826055	0.128534686688773866	0.971733723899211922	0.0118259842666074419	0.494505420076807668	0.0821101002782121399	0.125444290752802179	0.344392801865898349	0.123521231603736828	0.0416363544929399091	0.115342240117319803	0.059500122076720159



3	ACAG.CTGG	0.497214363708556681

