1	TAA..TAAAA	0.476928135391334558


A:	0.514477580552088895	0.465429526045677205	0.863780239087693768	0.706886932540004595	0.0414542413871742714	0.448029288041240826	0.174443558397271643	0.11918662272067575	0.764564164856883871	0.674142312097679292	0.25298892235843639	0.150717221049344978	0.141722253387999007	0.820824450549304281	0.601575456609713978	0.884408777866961889	0.587685966281502021	0.634876712794101407	0.186430384611002178	0.881487338337637224	0.0274839496967180764	0.235448186997616855	0.0278355110066914884
C:	0.103992390089424909	0.0316926260688164014	0.0527128393813541293	0.205546043852296521	0.121816022591261509	0.217458699457246578	0.297439046922663064	0.191679964424111091	0.0450375989280904835	0.222727234840671406	0.191447135883421354	0.0728405815082882483	0.266392818098077352	0.0538144300352246455	0.0641309815695789884	0.0271240897053050639	0.134647925867711584	0.0293000897987575425	0.186430384611002178	0.00378628838190732519	0.597183240765421446	0.349876762309870247	0.116408459994720905
G:	0.0827885805063555666	0.370183770394268069	0.0242570374367865078	0.0796529390746451803	0.482729070443738956	0.136468349430321631	0.206036228323118818	0.0756278474990606768	0.0382645165946314212	0.0249968396643459464	0.310867406031802059	0.397388696333897508	0.0294611781818160507	0.0908226319317604118	0.217450134999064759	0.0565569585619402294	0.04935741897499003	0.286952753504732134	0.562278757972688171	0.0573631866402277254	0.0229303530006377004	0.182284184538798773	0.0107923481043199656
T:	0.298741448852130629	0.132694077491238325	0.0592498840941655954	0.00791408453305370372	0.354000665577825263	0.198043663071190965	0.322081166356946475	0.613505565356152482	0.152133719620394224	0.0781336133973033566	0.244696535726340198	0.379053501108469266	0.56242375033210759	0.0345384874837106619	0.116843426821642274	0.0319101738657928176	0.228308688875796365	0.0488704439024089164	0.0648604728053074728	0.0573631866402277254	0.352402456537222777	0.232390866153714125	0.844963680894267641



2	TAAAA.GAA	0.475721499826294109

