1	A.TTTAAA.T	0.498979439967682266


A:	0.241241769783463804	0.380798789194755698	0.233864109646965231	0.168074355532977404	0.0828452272695991493	0.30514248298698227	0.792882228175779625	0.619461900373043078	0.0207653161812262087	0.019287697195691866	0.00646664214525118845	0.80890202832205818	0.974772843557898401	0.970778503109875236	0.0822310773961215842	0.0902456236136181919	0.287397297639406401	0.382272573858410937	0.664219633805013426	0.479142828341769731	0.0985448975919310039	0.252545434529991552	0.359574340414906194
C:	0.5503526352081162	0.215393426134498416	0.328544261297446416	0.0983509641970768525	0.166839383633710051	0.109098849091665642	0.0445704840483284302	0.00453615708917949716	0.00449581245497527707	0.00364460412227449189	0.173200084006037483	0.0114312455266531488	0.00229485512413524104	0.00396036825392327847	0.0326165145918660448	0.0723016641622737525	0.205101208591850855	0.481994999926701771	0.070062750640066296	0.416213601659921593	0.0744875422297196303	0.412412159173032566	0.0862140902429673294
G:	0.111205861371313611	0.161773186531622697	0.308707047126484319	0.042597089768166917	0.182086762702702845	0.176624497130118003	0.0723016641622737525	0.114481080387435351	0.00396036825392327847	0.00229485512413524104	0.0114312455266531488	0.173200084006037483	0.00364460412227449189	0.00449581245497527707	0.00385275954907615079	0.0445704840483284302	0.114717834411774728	0.0414149592565769217	0.0527895689088159123	0.00922321916971688743	0.420081340017266571	0.200410032091128396	0.174192617620245985
T:	0.0971997336371063854	0.242034598139123189	0.128884581929104034	0.690977590501778827	0.568228626393987954	0.409134170791234085	0.0902456236136181919	0.261520862150342073	0.970778503109875236	0.974772843557898401	0.80890202832205818	0.00646664214525118845	0.019287697195691866	0.0207653161812262087	0.88129964846293622	0.792882228175779625	0.392783659356968016	0.0943174669583103706	0.212928046646104366	0.0954203508285917891	0.406886220161082795	0.134632374205847486	0.380018951721880491



2	TTTT.AAAA	0.498915654965662407

