1	CAGATCTG	0.499169023168130178


A:	0.448565996067081585	0.448530392384343619	0.726742269108966216	0.880046633170454838	0.203081317441517675	0.0464718463435728991	0.14740216690800623	0.00346753619699841853	0.95955054039380081	0.0424476025011123921	0.978999333396647686	0.00373304666945267059	0.000384148699327497767	0.000505216772129840658	0.0376925693618542757	0.433355251820643681	0.535235177878448825	0.375863319182622026	0.172655822000600788	0.087414161010595454	0.159452943542592176	0.332154187612772119
C:	0.140081158673413674	0.260050194096318161	0.0789329802419470701	0.00475405087868177031	0.0559597646871990579	0.096480315809042666	0.405666681981198932	0.942053142676832822	0.00748005151838105749	0.00879816390787726057	0.000991850314645017471	0.0162757696192546255	0.94837008489168285	0.0324641913156882921	0.016786751764314484	0.0388262546991559877	0.204395984803985854	0.160748299252774682	0.0518433992320145884	0.186504232969897412	0.594807898458680842	0.0815974572859578218
G:	0.195641181567740137	0.125255529807622963	0.0295022403509230918	0.0471368027775309652	0.102467878349325563	0.118748625054008159	0.0615704103407355994	0.016786751764314484	0.0324641913156882921	0.948370084891682849	0.0162757696192546255	0.000991850314645017471	0.00879816390787726057	0.00748005151838105749	0.942053142676832822	0.383619644710985558	0.121115473923318185	0.271360947859616708	0.0871170790211003277	0.0271401801237645768	0.127541416692107065	0.347351746281781358
T:	0.215711663691764604	0.166163883711715257	0.164822510298163623	0.0680625131733324269	0.638491039521957704	0.738299212793376275	0.385360740770059239	0.0376925693618542757	0.000505216772129840658	0.000384148699327497767	0.00373304666945267059	0.978999333396647686	0.0424476025011123921	0.95955054039380081	0.00346753619699841853	0.144198848769214774	0.139253363394247136	0.192027433704986585	0.688383699746284296	0.698941425895742557	0.118197741306619917	0.238896608819488701



2	GATC..GATC	0.499057492931196984

