1	TAGATCTA	0.496043361778130581


A:	0.303601763277305053	0.164145645964752877	0.251672864872299874	0.0783279194089701068	0.154607465487601157	0.186078770142423974	0.148493222681153484	0.0978355869454460877	0.928357189677382711	0.0297955245431342216	0.984113448510821644	0.00495314713871483984	0.00133342889090254666	0.0328888855269230714	0.797808120545079739	0.421486819306854703	0.25437489882789868	0.130763949665526745	0.666807942296322246	0.0142847225805986876	0.480754688491107955	0.341765047125609168
C:	0.128621614484670398	0.143437236873704392	0.0590765638407919678	0.0528221928565391648	0.369713270157025504	0.240556124724665674	0.520606396749245665	0.0531135155268310816	0.0282409517532248467	0.00829792664751869355	0.00347049848182040087	0.00746290586864311491	0.960573119918444538	0.0105129730424693709	0.0512427769826430922	0.0849216015601217379	0.137387940884807515	0.179966389293766741	0.104345762583226184	0.145763671963686857	0.14830063579655163	0.0957558057965133077
G:	0.41472610911540953	0.251479470041614423	0.407985851658437685	0.517416128830746582	0.261353474762453709	0.443231160379347907	0.103655781500911953	0.0512427769826430922	0.0105129730424693709	0.960573119918444538	0.00746290586864311491	0.00347049848182040087	0.00829792664751869355	0.0282409517532248467	0.0531135155268310816	0.346747934707358056	0.135117451573700361	0.18446778236192851	0.144229642645952539	0.0759265173538160421	0.288951776736218612	0.470911868462394169
T:	0.153050513122615019	0.440937647119928308	0.281264719628470473	0.351433758903744146	0.21432578959291963	0.130133944753562446	0.227244599068688898	0.797808120545079739	0.0328888855269230714	0.00133342889090254666	0.00495314713871483984	0.984113448510821644	0.0297955245431342216	0.928357189677382711	0.0978355869454460877	0.146843644425665503	0.473119708713593445	0.504801878678778003	0.0846166524744990316	0.764025088101898413	0.0819928989761218028	0.0915672786154833553



2	GAT..AGATC	0.494537669169201103


A:	0.265009922538170877	0.797608077675675855	0.184626496983537143	0.509682641595495744	0.186787584580228105	0.189190883985197395	0.0365412609476730693	0.787148075616535342	0.0225773912458144959	0.0474074529311163203	0.340413104763111689	0.688340354298082222	0.0142720012318263253	0.965995068793803675	0.012529118546573735	0.0217675857118173171	0.085504674672196488	0.309368410290148906	0.216316164373706932	0.487169463521894442	0.208946346069981921	0.245276847931420462
C:	0.146048295502238575	0.0639049014526181931	0.184626496983537143	0.0845010805552856721	0.331462678260269477	0.19544195075418085	0.102854129270312371	0.0411897155359372984	0.056351615932990176	0.774313440805152179	0.21283215569715464	0.102370964387570017	0.0216171872197540305	0.00414946975409223414	0.0176174713672988743	0.713334433856366602	0.0843240053231765073	0.118502413945347557	0.216316164373706932	0.191441601765282942	0.151431665342818412	0.198320934397819591
G:	0.0632208206738267321	0.124543349306831146	0.571055929116621052	0.323485643645516288	0.111458829280669549	0.0541900703038494935	0.798604259128195621	0.037955737027617973	0.0625313783020465928	0.0696749058437263738	0.203963225619180343	0.155383106181110025	0.929706024859003582	0.0129314210002904502	0.0077939737971574637	0.164812941750012235	0.0272098024044067951	0.409881987403710855	0.255147853196046963	0.101602418111893046	0.395038101872578696	0.0553044407076859298
T:	0.525720961285763816	0.0139436715648748057	0.0596910769163046615	0.0823306342037022962	0.370290907878832869	0.561177094956772262	0.0620003506538189383	0.133706471819909387	0.858539614519148735	0.108604200420005127	0.242791513920553327	0.0539055751332377351	0.0344047866894160617	0.0169240404518136405	0.962059436288969927	0.100085038681803846	0.80296151760022021	0.162247188360792682	0.312219818056539172	0.219786516600929571	0.244583886714620971	0.501097776963074017



3	GATC..GATC	0.493394182912512195

