1	ACGATCGT	0.494914917894527956


A:	0.276822916023631803	0.49605250489261702	0.561949055907974524	0.122412077019858884	0.562683585537229969	0.321671934181512095	0.388106712979649166	0.651250096870627801	0.0409779321638355683	0.0114508273243109603	0.980982833819560857	0.0104912702505804849	0.00378711350161427409	0.066476321188903608	0.118278253411538456	0.227063572434318559	0.278057768686307557	0.0874507871660871111	0.217149952773625134	0.416687023757454688	0.256613942323418194	0.31027580937006899
C:	0.431912667925757726	0.219438605495301196	0.236892741588366617	0.361391015449833548	0.16432439206142349	0.0987500287161417195	0.262120588758646717	0.107690395549168161	0.889965120608478781	0.00478049650470136495	0.00190635191232834326	0.00661954401753031437	0.979981562669373401	0.00258062603878204237	0.122781254168665582	0.103947407096848961	0.0433035104312180895	0.281462705453325567	0.537452584181766097	0.0717701197352849832	0.170428821017141933	0.235054303570302375
G:	0.105665401694499663	0.140827246663375548	0.0854661837395476836	0.113446327191209695	0.102635952835717912	0.122556126538241688	0.0718084195185565819	0.122781254168665582	0.00258062603878204237	0.979981562669373401	0.00661954401753031437	0.00190635191232834326	0.00478049650470136495	0.889965120608478781	0.107690395549168161	0.383855054545362955	0.104529567523737459	0.117049374885234606	0.191584221796208546	0.206463878173404158	0.069225858375406508	0.328852797249354343
T:	0.185599014356110808	0.143681642948706236	0.115692018764111175	0.402750580339097874	0.170356069565628629	0.457021910564104497	0.277964278743147535	0.118278253411538456	0.066476321188903608	0.00378711350161427409	0.0104912702505804849	0.980982833819560857	0.0114508273243109603	0.0409779321638355683	0.651250096870627801	0.285133965923469525	0.574109153358736895	0.514037132495352716	0.0538132412484002228	0.305078978333856171	0.503731378284033364	0.125817089810274292



2	GATC..GATC	0.490781619458637168

