1	CATTAATG	0.498871359825370839


A:	0.181868563057650446	0.456697620744995382	0.0881309644794119356	0.688517910736507846	0.118280099381005971	0.554307154624827998	0.127804056240891856	0.247477870371314055	0.963966037483933095	0.0246768794755368475	0.0240099007459530209	0.970484438052352476	0.97136562651083417	0.030874858104537192	0.0118563669984541278	0.214979042034389959	0.312561555773102436	0.037481491793660099	0.0574241187921182642	0.16543767931131533	0.361589970511731208	0.304538453488651977
C:	0.400957064817765179	0.0163751882403605512	0.139309950676582277	0.291051838234231189	0.549285226962447931	0.0822094334738574158	0.327246166880916192	0.737772168567203844	0.00369507494948016024	0.00212827499885311163	0.00249035386673480118	0.00301530733495970193	0.00182921901477587065	0.00146402946204955277	0.00289359406302797264	0.657910972307211411	0.289663918482785891	0.78280523094318282	0.0281683239094973684	0.153662066055020398	0.320888292281170236	0.101362398781746221
G:	0.126494252387290767	0.342589190465359639	0.649785739510438077	0.0118136258805358146	0.191177931289067055	0.287505488196957532	0.162952299908958206	0.00289359406302797264	0.00146402946204955277	0.00182921901477587065	0.00301530733495970193	0.00249035386673480118	0.00212827499885311163	0.00369507494948016024	0.737772168567203844	0.050974207935843304	0.170854376816507484	0.0610797581587172372	0.883443662914609153	0.482833018032821951	0.157750787952408225	0.336763897425899169
T:	0.290680119737293608	0.184338000549284428	0.12277334533356771	0.00861662514872515077	0.141256742367479043	0.075977923704357054	0.381997476969233747	0.0118563669984541278	0.030874858104537192	0.97136562651083417	0.970484438052352476	0.0240099007459530209	0.0246768794755368475	0.963966037483933095	0.247477870371314055	0.0761357777225553259	0.226920148927604189	0.118633519104439844	0.0309638943837752138	0.198067236600842322	0.159770949254690331	0.257335250303702634



2	ATTAATG..C	0.498231922179760782


A:	0.456697620744995382	0.0881309644794119356	0.688517910736507846	0.118280099381005971	0.554307154624827998	0.127804056240891856	0.247477870371314055	0.830283806222656775	0.0292610362552326612	0.0442729456816462666	0.959742803327539708	0.98454284960856383	0.00784850076109843769	0.0252210894961825006	0.214979042034389959	0.312561555773102436	0.037481491793660099	0.0574241187921182642	0.16543767931131533	0.361589970511731208	0.304538453488651977	0.661460264147530158	0.287803760741904175
C:	0.0163751882403605512	0.139309950676582277	0.291051838234231189	0.549285226962447931	0.0822094334738574158	0.327246166880916192	0.737772168567203844	0.011599260517099631	0.00123653319017808739	0.00563348101270077103	0.00213460153285817464	0.00422794529368317653	0.00282974730831879927	0.00653086018004479997	0.657910972307211411	0.289663918482785891	0.78280523094318282	0.0281683239094973684	0.153662066055020398	0.320888292281170236	0.101362398781746221	0.0227961147398704935	0.275469345364677366
G:	0.342589190465359639	0.649785739510438077	0.0118136258805358146	0.191177931289067055	0.287505488196957532	0.162952299908958206	0.00289359406302797264	0.00546572302646522606	0.00365901483536628107	0.00315825890763192584	0.00365207931932652494	0.00208082052189723971	0.00424308216343155411	0.892368704326091676	0.050974207935843304	0.170854376816507484	0.0610797581587172372	0.883443662914609153	0.482833018032821951	0.157750787952408225	0.336763897425899169	0.258640565829196399	0.24777422139342921
T:	0.184338000549284428	0.12277334533356771	0.00861662514872515077	0.141256742367479043	0.075977923704357054	0.381997476969233747	0.0118563669984541278	0.152651210233778368	0.96584341571922297	0.946935314398021037	0.0344705158202755921	0.00914838457585575412	0.985078669767151209	0.0758793459976810235	0.0761357777225553259	0.226920148927604189	0.118633519104439844	0.0309638943837752138	0.198067236600842322	0.159770949254690331	0.257335250303702634	0.0571030552834029501	0.18895267249998925



3	CATT.AATG	0.498040382993501017

