1	AATGATTG	0.496510199523525908


A:	0.355270170919282354	0.255599273808982731	0.162466392154101216	0.384324181486980199	0.432563536534069714	0.438154377584121645	0.228011675900680647	0.739219902659027754	0.929495102820154502	0.00738666328365201535	0.00970158200996048552	0.985272653205219086	0.00891131091741176515	0.019793213435453173	0.337031322449605899	0.0366004345204579813	0.129035090944426837	0.428149654284581371	0.186984338015972831	0.31084364855739549	0.193638996145016095	0.146507708545392487
C:	0.127480805754981141	0.166213194543034541	0.0702906965364575411	0.360361869436213779	0.221546484334132336	0.232332624786575542	0.223276236601254166	0.136063905232983831	0.016142189491472587	0.00882232979873296386	0.267744316525600555	0.00551010077913707455	0.0101452412802750247	0.00239418383681450073	0.00616023152883193705	0.24574000385314356	0.176248122332815579	0.125800018235736884	0.496049954421199227	0.481885455070040874	0.255254628357718802	0.211087886717463063
G:	0.132407155437217041	0.060856005849318716	0.668947920604570508	0.1515997508221267	0.248908412729006894	0.082815474310810541	0.0734124277935053102	0.0799968393693105447	0.0215028315155573475	0.00317953206466609726	0.709330235158403464	0.00457374209434773375	0.0043058159530393922	0.0126659787999339827	0.64022942913940816	0.665275932382714631	0.36192993007651743	0.259125701786894113	0.222515765513566301	0.0986678114354032114	0.292980247231624409	0.187858305496846147
T:	0.384841867888519464	0.517331525798664012	0.0982949907048707354	0.103714198254679322	0.0969815664027910563	0.246697523318492273	0.475299659704559877	0.0447193527386778708	0.0328598761728155639	0.980611474852948924	0.0132238663060354953	0.00464350392129610563	0.976637631849273818	0.965146623927798344	0.0165790168821540045	0.0523836292436838278	0.332786856646240154	0.186924625692787633	0.0944499420492616408	0.108603084937160424	0.258126128265640694	0.454546099240298303



2	ATGATTGG	0.493860140840135935


A:	0.255599273808982731	0.162466392154101216	0.384324181486980199	0.432563536534069714	0.438154377584121645	0.228011675900680647	0.739219902659027754	0.85476994762132859	0.017138073103031255	0.00892072676281304166	0.98591250040014841	0.00734821058432021048	0.00923284601814266813	0.306696086860612573	0.0366004345204579813	0.129035090944426837	0.428149654284581371	0.186984338015972831	0.31084364855739549	0.193638996145016095	0.146507708545392487	0.282621828795519165
C:	0.166213194543034541	0.0702906965364575411	0.360361869436213779	0.221546484334132336	0.232332624786575542	0.223276236601254166	0.136063905232983831	0.0254796733231020678	0.0073901068036433836	0.0231963169032734864	0.00324747230414366292	0.00191933724421926011	0.00590576533989891047	0.00347358833561497731	0.24574000385314356	0.176248122332815579	0.125800018235736884	0.496049954421199227	0.481885455070040874	0.255254628357718802	0.211087886717463063	0.099254738125331643
G:	0.060856005849318716	0.668947920604570508	0.1515997508221267	0.248908412729006894	0.082815474310810541	0.0734124277935053102	0.0799968393693105447	0.0101678292569932397	0.00270516845349826223	0.944291585435771016	0.00728300758120848082	0.00730730696176408132	0.00536494108013293133	0.653564044465190973	0.665275932382714631	0.36192993007651743	0.259125701786894113	0.222515765513566301	0.0986678114354032114	0.292980247231624409	0.187858305496846147	0.130944007748170267
T:	0.517331525798664012	0.0982949907048707354	0.103714198254679322	0.0969815664027910563	0.246697523318492273	0.475299659704559877	0.0447193527386778708	0.109582549798576103	0.972766651639827099	0.0235913708981424559	0.00355701971449944663	0.983425145209696448	0.97949644756182549	0.0362662803385814765	0.0523836292436838278	0.332786856646240154	0.186924625692787633	0.0944499420492616408	0.108603084937160424	0.258126128265640694	0.454546099240298303	0.487179425330978925



3	CAAT.ATTG	0.493104132559408642

