1	AACCCGGC	0.478257767520349414


A:	0.281981989391522995	0.0208294459977056424	0.0218788493794817531	0.0698642324124498449	0.0683453642038439175	0.310929100603654328	0.443495627695327435	0.599129890063003528	0.629999918687263925	0.248122275553242987	0.192156994227820589	0.0775647372421844998	0.0463455801025399255	0.26009916047910379	0.33462010346889819	0.198393567808410282	0.114693569921267527	0.329155126410389025	0.0654312843575787361	0.0456250093961593408	0.0791263104310019006	0.0373055219839987907
C:	0.373815065600100543	0.870705605355249465	0.934481772848709349	0.036650717245543574	0.201963552067963791	0.15302649595721513	0.16254778406778749	0.14132435733000437	0.129314502782365099	0.595409127610703346	0.622986603139069542	0.729515275117620066	0.247332421703035262	0.160297139427030481	0.346387145743532185	0.423157558993653341	0.29050441647772008	0.200823424314039188	0.0101652595111154674	0.5165147592529772	0.539529996402580773	0.0621778168450546027
G:	0.139168922314876232	0.0460359748846239724	0.0373808000275601453	0.872716625296681014	0.600985405391083106	0.359599654130610995	0.0778138968728379564	0.207022242369122597	0.124304206123521558	0.0452257625346382994	0.138489702743909403	0.113809350973650514	0.646027115350418153	0.535295787009815372	0.199312275386423998	0.244114934724501611	0.383700853068759321	0.421053587305120052	0.108995267627359431	0.157512822113037677	0.325251138930384169	0.75471097767654179
T:	0.20503402269350023	0.0624289737624209202	0.00625857774424875299	0.0207684250453255675	0.128705678337109186	0.176444749308519547	0.316142691364047119	0.0525235102378695058	0.116381372406849418	0.111242834301415368	0.0463666998892004662	0.0791106366665449204	0.0602948828440066588	0.0443079130840503573	0.119680475401145627	0.134333938473434766	0.211101160532253072	0.0489678619704517354	0.815408188503946366	0.280347409237825783	0.0560925542360331574	0.145805683494404817



2	C.AAGT.CGG	0.475930521091811414

