1	C..CGTAATC	0.493806144225519877


A:	0.237730400007571798	0.44105119094564503	0.0866287083882812642	0.32214424215991099	0.824882484207539798	0.468371000152523935	0.412900629946929049	0.458950358838018825	0.298161272649342396	0.00974967789263116767	0.021234844721189494	0.034356931522875858	0.978424808546313011	0.984635635354375486	0.00316739214561991955	0.0186796735218366189	0.0130213823264286378	0.583221975782056308	0.264651652544729262	0.162370319587089853	0.019942091181692048	0.093832432132739428	0.058973387247991449
C:	0.106156779508424203	0.109404557173170022	0.544632938854384615	0.0309682232046912726	0.0204607826324754404	0.387084920067765041	0.492713711416327126	0.126815390616911172	0.139780601329357743	0.859481861660282615	0.00732982993065471993	0.159571684052474665	0.0042072902545072264	0.00217510252406959412	0.0130965961066476129	0.972037441978958587	0.58027947361394761	0.103093127093559859	0.163128439846502101	0.0329643960510432992	0.0542696365803467495	0.128451195492370312	0.154001632005631798
G:	0.154314543726532598	0.0530108955945210322	0.217680996990580917	0.373907010422422993	0.03914384250019111	0.133822363101731132	0.0501848290437036958	0.0531578977059513068	0.392890826759869902	0.00997132438554517738	0.969812005333085043	0.00875595219600434984	0.0107431464022560531	0.00479300209667599288	0.00370478769694294479	0.00382419028829633626	0.0213032436545369316	0.219459665620200192	0.348239081535632923	0.648730773368591888	0.0118810748433223498	0.341554120093582775	0.225031530842096821
T:	0.501798276757471401	0.396533356286663916	0.151057355766753204	0.272980524212974745	0.115512890659793652	0.0107217166779798914	0.044200829593040129	0.361076352839118696	0.16916729926142996	0.12079713606154104	0.00162332001507074314	0.797315432228645128	0.00662475479692370904	0.00839626002487892676	0.980031224050789523	0.00545869421090845751	0.38539590040508682	0.0942252315041836414	0.223980826073135713	0.15593451099327496	0.913907197394638853	0.436162252281307484	0.561993449904279932



2	CG.AATCTA	0.493625614174400715

