1	GTAACGTA	0.479625769307127258


A:	0.101334737328751312	0.13314992068832242	0.0531464584380211431	0.817760568268087223	0.70242118164487342	0.296497115422952388	0.107676043959315281	0.0379419032037340323	0.0810142775894610379	0.947551703700752441	0.935056906185714016	0.00956493412726420673	0.0999453935942278869	0.00522933170135509175	0.837811679188272881	0.227329479690576402	0.19001419443799714	0.674529141915071379	0.337337214938501914	0.00728450124434026548	0.0453158908728598462	0.135105966006584621
C:	0.0883130761991832993	0.508650838935223519	0.208951556647142312	0.00741390259026293295	0.0991754257751770708	0.366070984182320128	0.148454297879381268	0.0683365794421413364	0.0159470079514971052	0.00792224606095755673	0.046729407057713818	0.951273229638701582	0.0138155711315008668	0.0738148784987121119	0.0438329544742641501	0.362567383816723083	0.242349927322958052	0.0754759865118881349	0.0375402449954875744	0.251687333867861499	0.415556887401265319	0.611312259090747752
G:	0.671239294044586253	0.176532147960938625	0.55367681994701727	0.0792199342295664574	0.147867748919950915	0.16637855055800605	0.549468862340585733	0.878140743281833639	0.0252214727977150205	0.0164918501447510802	0.0104978869621187218	0.0145151585762902038	0.850079909471959812	0.18967750321691179	0.0353087856292419681	0.0472836847873680805	0.371972771015587387	0.179795366421957361	0.18354836893009413	0.109046943471039009	0.0864980970313505004	0.196215517686513161
T:	0.139112892427479136	0.181667092415515435	0.184225164967819274	0.0956055949120833872	0.0505356436599985938	0.171053349836721434	0.194400795820717718	0.0155807740722909927	0.877817241661326836	0.0280342000935389225	0.00771579979445344455	0.024646677657744007	0.0361591258023114339	0.731278286583021006	0.0830465807082210008	0.362819451705332435	0.19566310722345742	0.0701995051510831245	0.441574171135916382	0.631981221416759227	0.452629124694524334	0.0573662572161544659



2	GCCGTTAC	0.474569268815383403


A:	0.331744593378222565	0.214916769493067678	0.291616432307371466	0.284210011913408114	0.259113330386963209	0.11552962146733615	0.567526196489950219	0.165633324751496514	0.0661178126011158653	0.0320609122366214629	0.0117491145363256599	0.018278986278218034	0.0174880460677350223	0.932884116118342058	0.024346678933402193	0.426391738543264565	0.178247226844847911	0.182998530207609259	0.0405244894324522593	0.436094261523875197	0.310305550727461841	0.326013371090386715
C:	0.0951008308207914952	0.277983189616823675	0.147708677424431087	0.256606189609986052	0.177362053022885615	0.433252197705026615	0.0798256978679715816	0.016928111223872949	0.848089578456726666	0.717738377213336915	0.00875821215016641407	0.00649909660594686169	0.00471640368817842594	0.0133465484383779564	0.841958637371605254	0.317479723383963605	0.0890546467598991108	0.379816637493218941	0.681353199904293958	0.0393824361567246467	0.379685272988781627	0.282102040409635861
G:	0.278778332799669571	0.278314063955423852	0.0313216497225252035	0.0473229745774742282	0.316465945431425961	0.129505162247110265	0.151651815938718785	0.63607098298043319	0.0700334071025519632	0.239655335342780492	0.971031655476370899	0.00816668135619785512	0.00773768365710611437	0.00654008776913154386	0.0309635088285727048	0.111355683881231004	0.531301085654322449	0.209490740112888459	0.167637708403416372	0.206448628956200168	0.195296811579279368	0.0314116726632281527
T:	0.294376243001316369	0.228785976934684795	0.529353240545672244	0.411860823899131606	0.247058671158725214	0.32171301858052697	0.200996289703359414	0.181367581044197347	0.0157592018396055051	0.01054537520726113	0.00846101783713702665	0.967055235759637249	0.970057866586980437	0.0472292476741484419	0.102731174866419848	0.144772854191540826	0.201397040740930529	0.227694092186283341	0.11048460225983741	0.318074673363199988	0.114712364704477163	0.360472915836749272



3	GTA.GTTAC	0.473117679174111574

