1	TTACGCAA	0.495564075838792932


A:	0.187490648109337692	0.222706555261968403	0.0908234270314063977	0.698017236776062999	0.223121827098555561	0.0885892564023101717	0.309451066602683757	0.0452135331183816264	0.00605722170093364258	0.985299274855224358	0.0756006224871240051	0.00535013584560845124	0.00554301853121387605	0.78093251748975165	0.954628175123878955	0.459024822928159328	0.105990191580660229	0.0251898711334113498	0.0466697196442400598	0.042234693812740323	0.419735869198673267	0.55360145238535607
C:	0.0812291512129141968	0.068032925216656383	0.00955181076687309964	0.00881993926512459981	0.0740391795991062972	0.164028912263975603	0.248622197423547265	0.0401162559428089633	0.0281654493616810282	0.00457563778820781891	0.916248574721720062	0.00347210652558098242	0.854038204305025359	0.126022892104660206	0.00382171670364212794	0.356829845355897285	0.732345524360530074	0.0619681315201457523	0.014125735055763691	0.377487743703010767	0.111844536202984047	0.16882293842950958
G:	0.384398729158560729	0.298810167831676943	0.0728163246590136045	0.162486381753672015	0.223549121470768078	0.110614589137105227	0.107388201066068515	0.0379964288381269463	0.0130091177158329291	0.00587410993693352542	0.00486889884426115439	0.934520928447884369	0.00630724766028468471	0.00783462642269531359	0.0014759367945456527	0.0557791110197138227	0.0804608888847254523	0.106693217621478939	0.0144828300206834836	0.0741594503739896041	0.416910990801780314	0.151907139406375583
T:	0.346881471519187382	0.410450351689698271	0.826808437542706898	0.130676442205140387	0.479289871831570064	0.636767242196608999	0.334538534907700463	0.876673782100682464	0.9527682112215524	0.00425097741963429797	0.00328190394689477824	0.0566568291809261977	0.13411152950347608	0.0852099639828928311	0.0400741713779332645	0.128366220696229564	0.0812033951740842443	0.806148779724963959	0.924721715279312766	0.506118112110259306	0.0515086037965623722	0.125668469778758767



2	AT..TTACGC	0.493855774480123083

