MEME version 4.9.1			
			
strands: + -			
			
Background letter frequencies (from 3kb promoters of nuclear encoded genes)			
A 0.33 C 0.17 G 0.17 T 0.33			
			
ALPHABET= ACGT			
			
MOTIF M0004
letter-probability matrix: alength= 4 w= 8
0.150033322225925	0.716511162945685	0.0750583138953682	0.0583972009330223
0.0255348955680081	0.0127992868059093	0.948866530820173	0.0127992868059093
0.0189260563380282	0.874056841046278	0.106954225352113	6.28772635814889e-05
0.0189260563380282	0.97466046277666	0.00635060362173038	6.28772635814889e-05
6.28772635814889e-05	0.00635060362173038	0.993523641851107	6.28772635814889e-05
0.0588734971249347	0.627352326189232	0.13728437009932	0.176489806586513
0.157922429344558	0.774278412507517	0.00759170174383644	0.060207456404089
0.488782763216348	0.0667481119502443	0.299977787649933	0.144491337183474

MOTIF M0007
letter-probability matrix: alength= 4 w= 9 
0.193256166989386	0.294128456523198	0.315455175957076	0.19716020053034
0.197302290032636	0.470942977434902	0.174991433244587	0.156763299287876
0.0179780513925291	0.00028341348993657	0.981568346569837	0.000170188547697322
0.0609138140456216	0.828370054420269	0.0864408167680766	0.024275314766033
0.0977576692954277	0.680271275873928	0.0761337494017287	0.145837305428915
0.179404994209844	7.57471687865919e-05	0.820280034450025	0.00023922417134443
0.138180576938342	0.419289393502228	0.212419131491284	0.230110898068146
0.223853107035285	0.403828411802235	0.192672154777683	0.179646326384797
0.351359490482045	0.208890436834257	0.230859635849441	0.208890436834257

MOTIF M0009
letter-probability matrix: alength= 4 w= 10
0.323628984432429	0.204301685100078	0.196290901446505	0.275778429020988
0.23263410217456	0.18117562095031	0.162303305733847	0.423886971141283
0.174871696732507	0.0770190307288349	0.489827135088085	0.258282137450573
0.27261703467483	0.15417186814629	0.383012645991003	0.190198451187877
0.0308396427246419	0.827824324394252	0.00986310437125806	0.131472928509848
0.0992214786441139	0.0512827536531657	0.704405728549866	0.145090039152854
0.0853963596185986	0.0549983658263778	0.834892915806779	0.0247123587482449
0.00396779556722512	0.887324421479723	4.92035584677116e-05	0.108658579394584
0.169487832702009	0.123073426518921	0.494121352865682	0.213317387913388
0.165068298272276	0.316195064881681	0.313048871418944	0.205687765427099

MOTIF M0010 
letter-probability matrix: alength= 4 w= 8   
0.218134375315043	0.0970388363926729	0.485466980109179	0.199359808183106
0.26891291776944	0.36299447050365	0.191404234286779	0.17668837744013
0.068968319535512	0.701799156755609	0.0930974935640104	0.136135030144868
0.234435933310018	0.110739693670301	0.62464428573705	0.0301800872826301
0.126717562186682	0.0541609782265034	0.782082856690142	0.0370386028966732
0.00126993215768892	0.952379394258818	0.000793710479183719	0.0455569631043099
0.327826617863991	0.185394291902765	0.380880190302537	0.105898899930707
0.239235179196898	0.319720469565776	0.256581686929458	0.184462664307868

MOTIF M0011
letter-probability matrix: alength= 4 w= 8  
0.0801358912869704	0.759592326139089	0.0801358912869704	0.0801358912869704
0.0144203312392918	0.000142775556824672	0.985294117647059	0.000142775556824672
0.000142775556824672	0.885351227869789	0.114363221016562	0.000142775556824672
0.000142775556824672	0.985294117647059	0.0144203312392918	0.000142775556824672
0.0144203312392918	0.000142775556824672	0.985294117647059	0.000142775556824672
0.0572529982866933	0.642632781267847	0.185750999428898	0.114363221016562
0.0794733502538071	0.904346446700508	0.000158629441624365	0.0160215736040609
0.581087360594796	0.0234665427509294	0.279042750929368	0.116403345724907

MOTIF M0012
letter-probability matrix: alength= 4 w= 10   
0.202071060421004	0.57170288215076	0.0973798606659472	0.128846196762288
0.0382981086702478	0.000181845203122499	0.958529665995676	0.0029903801309539
0.00931364544176394	0.908214492410452	0.0635279887353729	0.0189438734124116
0.113719722838923	0.807333505925258	0.0313037171654394	0.0476430540703787
0.0747575173629443	0.0532101822654095	0.840712522649932	0.0313197777217143
0.153634558671648	0.452404543174866	0.150592390584526	0.24336850756896
0.19744223615268	0.605131667265657	0.0582909043492158	0.139135192232447
0.44869236054871	0.175271725570871	0.184258099103051	0.191777814777369
0.272738280745743	0.206131158269966	0.184659327929877	0.336471233054413
0.290029194708262	0.206434173539932	0.1924779476283	0.311058684123506

MOTIF M0013
letter-probability matrix: alength= 4 w= 8   
0.214387464387464	0.0719373219373219	0.712962962962963	0.000712250712250712
0.000453720508166969	0.998638838475499	0.000453720508166969	0.000453720508166969
0.907894736842105	0.000453720508166969	0.0911978221415608	0.000453720508166969
0.998638838475499	0.000453720508166969	0.000453720508166969	0.000453720508166969
0.000453720508166969	0.998638838475499	0.000453720508166969	0.000453720508166969
0.998638838475499	0.000453720508166969	0.000453720508166969	0.000453720508166969
0.000453720508166969	0.000453720508166969	0.136569872958258	0.862522686025408
0.561720698254364	0.25	0.000623441396508728	0.187655860349127

MOTIF M0016
letter-probability matrix: alength= 4 w= 10   
0.1807531099907	0.553981928808499	0.128654699445813	0.136610261754989
0.584029157000499	0.000180856914009791	0.415694621604888	9.53644806034745e-05
0.000969222876691743	0.933311777979717	0.0652834992323494	0.00043549991124145
0.00116794195791714	0.96801074601715	9.11948539060898e-05	0.0307301171710265
0.0934848599734863	0.00680596544010304	0.786662645280055	0.113046529306356
0.496771732217494	0.241804761383409	0.0804898129800027	0.180933693419094
0.0987224708572553	0.822470477541582	0.000368731179870787	0.0784383204212921
0.270589293012381	0.550376256604598	0.0524889225165412	0.126545527866479
0.468198346693714	0.141018632079586	0.160596020786319	0.230187000440381
0.268543593527983	0.245430364733755	0.189239471940618	0.296786569797643

MOTIF M0017
letter-probability matrix: alength= 4 w= 8   
0.2	0.5	0.133333333333333	0.166666666666667
0.027027027027027	0.0540540540540541	0.891891891891892	0.027027027027027
0.0263157894736842	0.605263157894737	0.342105263157895	0.0263157894736842
0.0263157894736842	0.894736842105263	0.0526315789473684	0.0263157894736842
0.0789473684210526	0.0263157894736842	0.842105263157895	0.0526315789473684
0.0263157894736842	0.236842105263158	0.710526315789474	0.0263157894736842
0.027027027027027	0.918918918918919	0.027027027027027	0.027027027027027
0.103448275862069	0.586206896551724	0.172413793103448	0.137931034482759

MOTIF M0018
letter-probability matrix: alength= 4 w= 10   
0.149771271441378	0.239633164597966	0.132835201477163	0.477760362483492
0.0668933423378924	0.0367118446559763	0.660567586616616	0.235827226389515
0.210645994982809	0.100502135467632	0.518105544533724	0.170746325015835
0.0329874381062506	0.903365131031359	0.0275534244017617	0.0360940064606281
0.00318119333395058	0.0036592433410561	0.95075498277637	0.0424045805486231
0.00050918062217203	0.00200380431512119	0.997295913923854	0.00019110113885285
0.0719944297381174	0.912865680420584	0.000604465158234304	0.0145354246830642
0.0543783169634581	0.117444453900025	0.60544606795878	0.222731161177737
0.117605591771105	0.346310781116173	0.435866752534571	0.100216874578151
0.179559942946076	0.391705035479709	0.23996884348967	0.188766178084544

MOTIF M0019
letter-probability matrix: alength= 4 w= 9   
0.200806954175539	0.221926005898407	0.156388613164696	0.420878426761359
0.0971248192167371	0.0981009398777193	0.710519893899477	0.0942543470060663
0.146197468588637	0.0763217710582271	0.241038876164248	0.536441884188888
0.0275999336974595	0.895886176605311	0.0361549319846181	0.0403589577126115
0.0399444830127978	0.0464088681711711	0.87786301741573	0.0357836314003013
0.0936175855640595	0.0181599432119169	0.888218921131996	3.55009202787179e-06
0.0795084316277126	0.57585913524022	0.037934579135575	0.306697853996493
0.412172407970921	0.188942309532907	0.226205013594255	0.172680268901917
0.283468107593183	0.234416540763344	0.292100996699139	0.190014354944333

MOTIF M0020 
letter-probability matrix: alength= 4 w= 8   
0.217419635099913	0.478062554300608	0.282580364900087	0.0219374456993918
0.000161186331399097	0.0485170857511283	0.951160541586073	0.000161186331399097
0.0162798194713088	0.951160541586073	0.0323984526112186	0.000161186331399097
0.000161186331399097	0.983397807865893	0.0162798194713088	0.000161186331399097
0.000161186331399097	0.0162798194713088	0.983397807865893	0.000161186331399097
0.0968729851708575	0.644906511927788	0.145228884590587	0.112991618310767
0.000169376693766938	0.999491869918699	0.000169376693766938	0.000169376693766938
0.461321721311475	0.102715163934426	0.282018442622951	0.153944672131148

MOTIF M0021
letter-probability matrix: alength= 4 w= 8   
0.189896602124136	0.22508536374053	0.346014168825605	0.239003865309729
0.244305725416294	0.281018474850527	0.326496886912349	0.14817891282083
0.0146708186725322	0.777326443876937	0.00446317500234806	0.203539562448183
0.323515126596536	0.00226878823747161	0.664640220144773	0.00957586502121877
0.139547027985476	0.24430114436912	0.501900384329202	0.114251443316202
0.129848080168733	0.581938721549179	0.0719783337150938	0.216234864566995
0.2798996420974	0.263599555892927	0.217986060456064	0.238514741553609
0.29433915809037	0.213734096231953	0.238586684528643	0.253340061149035

MOTIF M0022
letter-probability matrix: alength= 4 w= 8   
0.168575920934411	0.516734052111411	0.224730458221024	0.0899595687331536
0.0648014959723821	0.726481588032221	0.115146720368239	0.0935701956271577
0.0238633658652702	0.0179124018090931	0.952213758628898	0.00601047369673887
0.011961437752916	0.898655082123304	0.0833730064270412	0.00601047369673887
0.011961437752916	0.976017614853606	0.011961437752916	5.9509640561771e-05
0.00601047369673887	0.00601047369673887	0.987919542965961	5.9509640561771e-05
0.0562984253936516	0.662396900774806	0.13127968007998	0.150024993751562
0.123115964318671	0.799830821285758	0.0385266071977853	0.0385266071977853

MOTIF M0023
letter-probability matrix: alength= 4 w= 10   
0.26252644963372	0.441576747022422	0.139819434637245	0.156077368706614
0.0769440405920383	0.0144844898639247	0.873998283485152	0.0345731860588848
0.0482325003227134	0.867862310739902	0.0835991267358684	0.000306062201515716
0.128539272907789	0.769879864911925	0.0364606823314052	0.0651201798488816
0.0903979315017469	0.0248839093996005	0.874997811433086	0.00972034766556653
0.145906067265025	0.456214475325174	0.132021269182095	0.265858188227706
0.211815820407552	0.593310057689149	0.0664013326030868	0.128472789300213
0.418633277831722	0.173641929931651	0.20997643389954	0.197748358337088
0.275863494034968	0.208493143662656	0.198324813060247	0.317318549242129
0.279059484694934	0.208810045594693	0.200622486597652	0.311507983112721

MOTIF M0024
letter-probability matrix: alength= 4 w= 8   
0.214652287493303	0.317037305969704	0.270161371159963	0.198149035377029
0.248333688653698	0.355943980551975	0.222465795244215	0.173256535550112
0.0955790716309179	0.0627999250604244	0.804285157445969	0.0373358458626892
0.0256397416228759	0.745565920111419	0.166358243197813	0.0624360950678923
0.15075169485887	0.769417763954955	0.0100305363873763	0.0698000047987995
0.19211822856148	0.0387880014003446	0.756052604207059	0.0130411658311163
0.189787713106462	0.448498863696367	0.170018311863791	0.19169511133338
0.124989966942595	0.677380713987058	0.0993087287155297	0.0983205903548174

MOTIF M0025
letter-probability matrix: alength= 4 w= 10   
0.350489146274018	0.240734459332771	0.255522680931698	0.153253714203397
0.0741481138572011	0.492345824575155	0.0741481138572011	0.359357948452329
0.000148883478132441	0.000148883478132441	0.999553350307489	0.000148883478132441
0.000148883478132441	0.000148883478132441	0.999553350307489	0.000148883478132441
0.000148883478132441	0.999553350307489	0.000148883478132441	0.000148883478132441
0.000148883478132441	0.000148883478132441	0.999553350307489	0.000148883478132441
0.000148883478132441	0.000148883478132441	0.999553350307489	0.000148883478132441
0.000148883478132441	0.999553350307489	0.000148883478132441	0.000148883478132441
0.0968951694602067	0.0968951694602067	0.503084809554337	0.303124852267135
0.176000769806402	0.270138703220726	0.377859757908354	0.176000769806402

MOTIF M0026
letter-probability matrix: alength= 4 w= 10   
0.197552233450335	0.316082426352568	0.224978090637474	0.261387249559623
0.190297124167602	0.394881872007665	0.170474659681266	0.244346344143468
0.524124936016305	0.0393198737268605	0.416434873591039	0.0201203166657947
0.00733177423378598	0.965086309058944	0.00843354780006115	0.019148368907209
0.0120336007369921	0.980147232467118	0.00166147007641585	0.00615769671947404
0.0047907949415764	0.00247612875910583	0.989002001447126	0.00373107485219175
0.659608578584546	0.140000584359954	0.0857680531872467	0.114622783868254
0.0336440426650916	0.912178780101497	0.0109773713331311	0.0431998059002806
0.47264489972419	0.120102358444839	0.241856449463293	0.165396292367678
0.240393986659061	0.273767495181889	0.235633866794929	0.250204651364122

MOTIF M0027
letter-probability matrix: alength= 4 w= 10   
0.293777432769558	0.256566215120374	0.277698342174653	0.171958008819104
0.15492922258592	0.530319104499017	0.156081106709472	0.158670565089279
9.41918950944927e-05	9.41918950944927e-05	0.999717423198411	9.41918950944927e-05
9.41918950944927e-05	0.911746848817104	0.0880647662763975	9.41918950944927e-05
9.41918950944927e-05	0.999717423198411	9.41918950944927e-05	9.41918950944927e-05
9.41918950944927e-05	9.41918950944927e-05	0.999717423198411	9.41918950944927e-05
9.41918950944927e-05	9.41918950944927e-05	0.999717423198411	9.41918950944927e-05
9.41918950944927e-05	0.999717423198411	9.41918950944927e-05	9.41918950944927e-05
0.535094408568898	0.166106757178216	0.220662650339664	0.0781361827969125
0.178621291207815	0.178621291207815	0.352131468786373	0.290625947681687

MOTIF M0028
letter-probability matrix: alength= 4 w= 9   
0.216684466407996	0.323255238560833	0.262025603814038	0.198034691217133
0.297133913536241	0.470682102455795	0.113770461693415	0.118413522314549
0.0536499408555366	9.65668627556423e-05	0.946224982830691	2.85094510165503e-05
0.057636172095945	0.83226454908127	0.0476627589618026	0.0624365198609821
0.127081743844249	0.784330534330002	0.0326168991191687	0.0559708227065808
0.20592999253349	0.0925303102382412	0.618647886765734	0.0828918104625341
0.241989257233552	0.346850320379372	0.13280652019298	0.278353902194096
0.128128594268033	0.680640592176782	0.0668889915272945	0.124341822027891
0.307219612314049	0.319757482537511	0.140831317094171	0.232191588054269

MOTIF M0029
letter-probability matrix: alength= 4 w= 8   
0.0438368055555556	0.477864583333333	0.34765625	0.130642361111111
0.108261339092873	0.783207343412527	0.0812634989200864	0.027267818574514
0.000227066303360581	0.000227066303360581	0.999318801089918	0.000227066303360581
0.000227066303360581	0.97661217075386	0.0229336966394187	0.000227066303360581
0.000227066303360581	0.999318801089918	0.000227066303360581	0.000227066303360581
0.000227066303360581	0.000227066303360581	0.999318801089918	0.000227066303360581
0.0229336966394187	0.931198910081744	0.000227066303360581	0.0456403269754768
0.11780258519389	0.734723854289072	0.059048178613396	0.0884253819036428

MOTIF M0030
letter-probability matrix: alength= 4 w= 8   
0.495098039215686	0.00490196078431373	0.495098039215686	0.00490196078431373
0.00328947368421053	0.990131578947368	0.00328947368421053	0.00328947368421053
0.00328947368421053	0.990131578947368	0.00328947368421053	0.00328947368421053
0.00328947368421053	0.00328947368421053	0.990131578947368	0.00328947368421053
0.990131578947368	0.00328947368421053	0.00328947368421053	0.00328947368421053
0.00328947368421053	0.990131578947368	0.00328947368421053	0.00328947368421053
0.990131578947368	0.00328947368421053	0.00328947368421053	0.00328947368421053
0.00328947368421053	0.00328947368421053	0.00328947368421053	0.990131578947368

MOTIF M0031
letter-probability matrix: alength= 4 w= 10   
0.154317	0.266626	0.207897	0.37116
0.436464	0.014506	0.533365	0.015665
0.016114	0.893605	9.40e-05	0.090187
0.04	0.889	0.0034	0.0676
0.0301	0	0.9593	0.0107
0.9595	0.002	0.0111	0.0274
0.0070	0.9580	0.0030	0.0319
0.5219	0.1387	0.2107	0.1287
0.1830	0.1676	0.1381	0.5113
0.3086	0.2457	0.2208	0.2249

MOTIF M0032
letter-probability matrix: alength= 4 w= 10   
0.151886610006681	0.321543955866662	0.205025478259994	0.321543955866662
0.139960910816204	0.2790422419086	0.240173883376346	0.34082296389885
0.460825067083715	0.0187842453929616	0.504222937682066	0.0161677498412572
0.00307930508159475	0.948331332171931	0.000420926918346614	0.0481684358281272
0.00618106345656055	0.993754641010818	2.72326277399138e-07	6.40232063444782e-05
0.000662536947221749	0.00392874896785571	0.990610129259627	0.00479858482529581
0.973202851546237	0.00256149876428975	0.0137438649858572	0.010491784703616
0.000615581098066602	0.997060466300606	0.000474644781875794	0.00184930781945179
0.565245559301425	0.136627774704723	0.158738827155691	0.139387838838161
0.165672565590387	0.126471039351645	0.11792081548995	0.589935579568018

MOTIF M0033
letter-probability matrix: alength= 4 w= 8   
0.0699349442379182	0.325511152416357	0.534618959107807	0.0699349442379182
0.107779827798278	0.768911439114391	0.0616543665436654	0.0616543665436654
0.000126518218623482	0.000126518218623482	0.99962044534413	0.000126518218623482
0.000126518218623482	0.974316801619433	0.0254301619433198	0.000126518218623482
0.000126518218623482	0.99962044534413	0.000126518218623482	0.000126518218623482
0.000126518218623482	0.0127783400809717	0.986968623481781	0.000126518218623482
0.0676661264181523	0.756482982171799	0.0676661264181523	0.108184764991896
0.0968729851708575	0.789974210186976	0.064635718891038	0.0485170857511283

MOTIF M0034
letter-probability matrix: alength= 4 w= 8   
0.100597609561753	0.598605577689243	0.100597609561753	0.200199203187251
0.748753117206983	0.000623441396508728	0.25	0.000623441396508728
0.000623441396508728	0.998129675810474	0.000623441396508728	0.000623441396508728
0.000623441396508728	0.998129675810474	0.000623441396508728	0.000623441396508728
0.000623441396508728	0.000623441396508728	0.998129675810474	0.000623441396508728
0.998129675810474	0.000623441396508728	0.000623441396508728	0.000623441396508728
0.000623441396508728	0.998129675810474	0.000623441396508728	0.000623441396508728
0.92101226993865	0.000766871165644172	0.0774539877300614	0.000766871165644172

MOTIF M0035
letter-probability matrix: alength= 4 w= 9   
0.264273535458136	0.248883442861913	0.261643969845074	0.225199051834877
0.300623221738071	0.211845603864208	0.319212723578459	0.168318450819261
0.228195007992415	0.134316715772149	0.478282021421859	0.159206254813577
0.205088999128504	0.479835831106779	0.193145545609473	0.121929624155244
0.108344616055238	0.695977293921795	0.0565608492526394	0.139117240770327
0.309545021518907	0.00354345963395334	0.675263879277592	0.011647639569548
0.179837379427816	0.358544576781189	0.35144491848344	0.110173125307554
0.136656126761227	0.670127334974701	0.104320484949775	0.0888960533142961
0.395259547679787	0.198252730209156	0.281334015843198	0.125153706267859

MOTIF M0036
letter-probability matrix: alength= 4 w= 10   
0.178677813280563	0.349178851042988	0.274673812736755	0.197469522939694
0.25595772341127	0.443639496507847	0.173297936227914	0.127104843852969
0.0748954457989047	0.0286769333929842	0.885447427018575	0.0109801937895359
0.0365865902330995	0.764851567572958	0.14398106328541	0.0545807789085318
0.103239880738101	0.801957183522846	0.0419742031897293	0.0528287325493234
0.112874045329131	0.0827871249877073	0.747154920315814	0.0571839093673481
0.181955182741574	0.413129212795714	0.119553074177698	0.285362530285015
0.276531740359245	0.455923762315515	0.0929745321593201	0.17456996516592
0.387095568805307	0.208235908078164	0.192225970654215	0.212442552462314
0.286170086434081	0.212000014255169	0.191825545525473	0.310004353785277

MOTIF M0037
letter-probability matrix: alength= 4 w= 10   
0.193275829375215	0.300100775412363	0.279812108346778	0.226811286865645
0.289446501432731	0.467767081731808	0.16699610413242	0.0757903127030404
0.0339655381821385	0.0132678846589821	0.939498692499897	0.0132678846589821
0.032072797988561	0.905066349725687	0.035802161052223	0.027058691233529
0.0970553117996941	0.850037988092885	0.0205997932839999	0.0323069068234205
0.0426486450836321	0.0104123802352429	0.927966380899597	0.0189725937815283
0.129323458451234	0.591295974901875	0.130623180816351	0.148757385830539
0.0346507596793668	0.902636250787217	0.0244179776471985	0.0382950118862178
0.383810260441554	0.175940930610207	0.239882283385185	0.200366525563053
0.232501882006753	0.254397580200986	0.223385352816637	0.289715184975624

MOTIF M0038
letter-probability matrix: alength= 4 w= 10   
0.255195963405809	0.255195963405809	0.213157586311753	0.27645048687663
0.231180279057617	0.274019106288723	0.265920617806193	0.228879996847467
0.289754784111583	0.320228560768001	0.237231152611637	0.15278550250878
0.132148746578415	0.0801522664491717	0.723375286445266	0.0643237005271473
0.0943931745743965	0.690536455298518	0.140818069109337	0.0742523010177487
0.172828118567296	0.700852580518228	0.0421948242982982	0.0841244766161773
0.15951503115782	0.0238584429631859	0.774438427292742	0.0421880985862518
0.17769423497723	0.464083406762413	0.145483734825437	0.21273862343492
0.121071713854827	0.68292363575583	0.0896921316373633	0.106312518751979
0.342518798767467	0.222811593728122	0.220594581328287	0.214075026176124

MOTIF M0039
letter-probability matrix: alength= 4 w= 10   
0.273480839035947	0.273480839035947	0.200583688987081	0.252454632941026
0.23064971961082	0.273390231602539	0.26531032917582	0.23064971961082
0.278186771458873	0.368077210697731	0.188348266023084	0.165387751820312
0.144544416539558	0.0581826291149214	0.745150969102108	0.0521219852434125
0.115568723860811	0.613920453081585	0.175891154735585	0.0946196683220188
0.185944995736138	0.668777158290842	0.0719125579687736	0.0733652880042468
0.213466198368667	0.119519375795249	0.58609301081285	0.0809214150232327
0.197200246080693	0.352207218018992	0.207310918901121	0.243281616999194
0.166530987730503	0.604971533211818	0.105128289032548	0.123369190025131
0.320417074899948	0.2928391570489	0.17409889613113	0.212644871920021

MOTIF M0040
letter-probability matrix: alength= 4 w= 8   
0.100597609561753	0.698207171314741	0.100597609561753	0.100597609561753
0.000712250712250712	0.000712250712250712	0.997863247863248	0.000712250712250712
0.000712250712250712	0.855413105413105	0.143162393162393	0.000712250712250712
0.000712250712250712	0.997863247863248	0.000712250712250712	0.000712250712250712
0.000712250712250712	0.0719373219373219	0.926638176638177	0.000712250712250712
0.000712250712250712	0.000712250712250712	0.997863247863248	0.000712250712250712
0.000766871165644172	0.997699386503068	0.000766871165644172	0.000766871165644172
0.623134328358209	0.25	0.125621890547264	0.00124378109452736

MOTIF M0041
letter-probability matrix: alength= 4 w= 9   
0.188091672299649	0.313227405696275	0.300945583448094	0.197735338555982
0.224790885664638	0.480665005339425	0.156831279254293	0.137712829741644
0.0546632045354002	5.56424325544905e-05	0.945005554259505	0.000275598772540144
0.0218700119423741	0.884583028838797	0.0477088244921192	0.0458381347267095
0.0925585145291671	0.771117709922561	0.0620438277243727	0.0742799478238994
0.173466936315345	0.0971238543055792	0.617690184529983	0.111719024849093
0.195604070526282	0.422459070570696	0.140624408665073	0.241312450237948
0.219415300035718	0.464502193761859	0.125332008139362	0.190750498063061
0.342200049292762	0.236369322007075	0.213875807031404	0.20755482166876

MOTIF M0042
letter-probability matrix: alength= 4 w= 10   
0.31447	0.22851	0.22851	0.22851
0.11948	0.22619	0.11949	0.53484
0.17957	0.0002	0.82003	0.00020
0.00020	0.99940	0.00020	0.00020
0.00020	0.99940	0.00020	0.00020
0.00020	0.00020	0.99940	0.00020
0.88415	0.00020	0.11545	0.00020
0.00020	0.99940	0.00020	0.00020
0.84525	0.02169	0.02169	0.11137
0.13071	0.21853	0.22058	0.43018

MOTIF M0043
letter-probability matrix: alength= 4 w= 8   
0.00328947368421053	0.990131578947368	0.00328947368421053	0.00328947368421053
0.00328947368421053	0.00328947368421053	0.990131578947368	0.00328947368421053
0.00328947368421053	0.661184210526316	0.332236842105263	0.00328947368421053
0.00328947368421053	0.990131578947368	0.00328947368421053	0.00328947368421053
0.00328947368421053	0.00328947368421053	0.990131578947368	0.00328947368421053
0.00328947368421053	0.990131578947368	0.00328947368421053	0.00328947368421053
0.00328947368421053	0.990131578947368	0.00328947368421053	0.00328947368421053
0.495098039215686	0.00490196078431373	0.495098039215686	0.00490196078431373

MOTIF M0044
letter-probability matrix: alength= 4 w= 10   
0.227374653288086	0.229659806543948	0.189919274727277	0.35304626544069
0.216667102070393	0.158913826535786	0.320013148403104	0.304405922990717
0.302274322164573	0.000436631782398186	0.488497794450777	0.208791251602252
9.14144801287358e-05	0.999893337982193	9.16511008078809e-06	6.08242759806305e-06
0.000616591162105548	0.000681438620690011	0.998696473196898	5.49702030594237e-06
0.0349682121493532	0.309339513879222	0.635517370600637	0.0201749033707878
0.035422289234622	0.794204719288426	0.000110508953116317	0.170262482523836
0.189015003205171	0.240285162212833	0.344407790861118	0.226292043720877
0.232044112853716	0.251370386581143	0.322765965359185	0.193819535205956
0.271003457539632	0.252681948986084	0.247678511165561	0.228636082308723

MOTIF M0074
letter-probability matrix: alength= 4 w= 10   
0.170943911085133	0.290509824721326	0.246483690732529	0.292062576150387
0.0702831361901818	0.789150594118829	0.0702831361901818	0.0702831361901818
0.923680754245573	8.38133350972129e-05	0.0761516217736107	8.38133350972129e-05
8.38133350972129e-05	0.999748562684085	8.38133350972129e-05	8.38133350972129e-05
8.38133350972129e-05	0.999748562684085	8.38133350972129e-05	8.38133350972129e-05
8.38133350972129e-05	8.38133350972129e-05	0.999748562684085	8.38133350972129e-05
0.999748562684085	8.38133350972129e-05	8.38133350972129e-05	8.38133350972129e-05
8.38133350972129e-05	0.999748562684085	8.38133350972129e-05	8.38133350972129e-05
0.488545353655762	0.288488163263535	0.0791399029223078	0.14382658284777
0.348247091760667	0.179800677817259	0.179800677817259	0.292151555294189

MOTIF M0076
letter-probability matrix: alength= 4 w= 8   
0.176643192488263	0.70481220657277	0.000586854460093897	0.117957746478873
0.781684027777778	0.000434027777777778	0.217447916666667	0.000434027777777778
0.000434027777777778	0.998697916666667	0.000434027777777778	0.000434027777777778
0.000434027777777778	0.998697916666667	0.000434027777777778	0.000434027777777778
0.000434027777777778	0.000434027777777778	0.998697916666667	0.000434027777777778
0.998697916666667	0.000434027777777778	0.000434027777777778	0.000434027777777778
0.000434027777777778	0.998697916666667	0.000434027777777778	0.000434027777777778
0.57051282051282	0.285612535612536	0.0719373219373219	0.0719373219373219

MOTIF M0077
letter-probability matrix: alength= 4 w= 8   
0.184279705573081	0.604889589905363	0.131703470031546	0.0791272344900105
0.000195924764890282	0.000195924764890282	0.999412225705329	0.000195924764890282
0.000195924764890282	0.921042319749216	0.0785658307210031	0.000195924764890282
0.000195924764890282	0.979819749216301	0.0197884012539185	0.000195924764890282
0.000195924764890282	0.000195924764890282	0.999412225705329	0.000195924764890282
0.0197884012539185	0.705525078369906	0.215713166144201	0.0589733542319749
0.000203915171288744	0.999388254486134	0.000203915171288744	0.000203915171288744
0.580219072164949	0.0325386597938144	0.322487113402062	0.0647551546391752

MOTIF M0081
letter-probability matrix: alength= 4 w= 8   
0.251585525903604	0.210141895415907	0.39456464593759	0.1437079327429
0.205717729874413	0.531926321143461	0.129866238470617	0.13248971051151
0.519435539305977	0.19108965595674	0.22649949623616	0.0629753085011231
0.647043574566725	0.0977500432369453	0.120592083696966	0.134614298499363
0.0402132084980889	0.866269023266301	0.0329237904784342	0.0605939777571762
0.812565028439885	0.000594637054035008	0.13840662995054	0.0484337045555407
0.1109304472117	0.125073729972949	0.361009185648831	0.40298663716652
0.393942980722688	0.173504958804745	0.149337101996328	0.283214958476239

MOTIF M0082
letter-probability matrix: alength= 4 w= 8   
0.427556818181818	0.00142045454545455	0.569602272727273	0.00142045454545455
0.00110619469026549	0.996681415929204	0.00110619469026549	0.00110619469026549
0.996681415929204	0.00110619469026549	0.00110619469026549	0.00110619469026549
0.996681415929204	0.00110619469026549	0.00110619469026549	0.00110619469026549
0.00110619469026549	0.996681415929204	0.00110619469026549	0.00110619469026549
0.996681415929204	0.00110619469026549	0.00110619469026549	0.00110619469026549
0.00110619469026549	0.00110619469026549	0.332964601769911	0.664823008849558
0.853693181818182	0.00142045454545455	0.00142045454545455	0.143465909090909

MOTIF M0148
letter-probability matrix: alength= 4 w= 9   
0.218908524526153	0.21673034831376	0.336518776272246	0.22784235088784
0.0890339858558348	0.651331129302467	0.138243712520919	0.121391172320779
0.113528691569007	0.79795770420886	0.0274414760787898	0.061072128143343
0.0815112832293778	0.00164994417804961	0.863282043163867	0.0535567294287057
0.986816459722475	0.00022866072272566	0.0128646606182173	9.02189365818299e-05
0.0604803380964619	0.899931205094628	0.00140820849091817	0.0381802483179918
0.906052804909529	0.089935935429531	3.10192552506281e-08	0.00401122864168501
0.409947701992561	0.106274949139964	0.258793279801154	0.22498406906632
0.292797794256513	0.204278089391005	0.232637686284693	0.27028643006779

MOTIF M0150
letter-probability matrix: alength= 4 w= 8   
0.0559866962305987	0.277716186252772	0.444013303769401	0.222283813747228
0.000415973377703827	0.998752079866889	0.000415973377703827	0.000415973377703827
0.998752079866889	0.000415973377703827	0.000415973377703827	0.000415973377703827
0.000415973377703827	0.998752079866889	0.000415973377703827	0.000415973377703827
0.000415973377703827	0.000415973377703827	0.998752079866889	0.000415973377703827
0.000415973377703827	0.000415973377703827	0.000415973377703827	0.998752079866889
0.000415973377703827	0.000415973377703827	0.998752079866889	0.000415973377703827
0.133643617021277	0.0671542553191489	0.266622340425532	0.532579787234043

MOTIF M0151
letter-probability matrix: alength= 4 w= 7   
0.177818809939906	0.544988726965802	0.144137125979566	0.133055337114725
0.738451286947407	5.75302224887183e-05	0.16642672756773	0.0950644552623748
0.000320299799448636	0.707333417994508	0.00476597508515319	0.28758030712089
0.00193476449876061	9.16283656586618e-05	0.880056061747729	0.117917545387852
0.000685439296929618	0.00462883243667554	0.000121517701361837	0.994564210565033
0.0166601790843286	0.00650792969342967	0.975569482744734	0.00126240847750726
0.218626063282672	0.298080265267842	0.353315984494691	0.129977686954795

MOTIF M0152
letter-probability matrix: alength= 4 w= 10   
0.266536	0.276659	0.209724	0.247081
0.259609	0.198312	0.365220	0.176859
0.115828	0.853161	0.003499	0.027512
0.853319	0.012182	0.073662	0.060837
0.013981	0.855506	0.000019	0.130494
0.130494	0.000019	0.855506	0.013981
0.060838	0.073662	0.012182	0.853318
0.027511	0.003499	0.853161	0.115829
0.176859	0.365220	0.198312	0.259609
0.247081	0.209724	0.276659	0.266536

MOTIF M0153
letter-probability matrix: alength= 4 w= 9   
0.206451112294793	0.257253927024866	0.343801219461693	0.192493741218649
0.020161890658884	0.928707858748224	0.0374795039185152	0.0136507466743768
0.934708385626611	0.00325513775095615	0.0400542423458648	0.021982234276568
0.00595936007018132	0.832941243532292	0.00113310664611965	0.159966289751407
0.188158574843726	0.0403376425284189	0.755428464005322	0.0160753186225329
0.0715532233498876	0.137063120759215	0.105682736621219	0.685700919269679
0.145179817722582	0.127481734606878	0.527407289874344	0.199931157796196
0.222708100025507	0.256175292246558	0.300624490322717	0.220492117405218
0.210410193781105	0.286878542455558	0.270172036733725	0.232539227029612

MOTIF M0155
letter-probability matrix: alength= 4 w= 12   
0.321943	0.226019	0.226019	0.226019
0.117836	0.195260	0.485345	0.201559
0.021224	0.936330	0.021223	0.021223
0.936331	0.021223	0.021223	0.021223
0.000157	0.999529	0.000157	0.000157
0.095278	0.000157	0.904408	0.000157
0.000157	0.000157	0.000157	0.999529
0.000157	0.000157	0.999529	0.000157
0.107861	0.762275	0.105727	0.024137
0.312510	0.315422	0.239747	0.132321
0.228933	0.313201	0.228933	0.228933
0.228933	0.228933	0.313201	0.228933

MOTIF M0161
letter-probability matrix: alength= 4 w= 10 
0.256076	0.252535	0.236256	0.255133
0.211226	0.228847	0.342028	0.217899
0.136199	0.721794	0.037680	0.104327
0.892927	0.000000	0.033174	0.073899
0.022634	0.820225	0.000000	0.157141
0.157141	0.000000	0.820225	0.022634
0.073899	0.033174	0.000000	0.892927
0.104327	0.037680	0.721794	0.136199
0.217899	0.342028	0.228847	0.211226
0.255133	0.236256	0.252535	0.256076

MOTIF M0162
letter-probability matrix: alength= 4 w= 9   
0.201692653302334	0.426983350337617	0.207835109059452	0.163488887300597
0.0471112381993996	0.568221652060067	0.25531844634362	0.129348663396913
6.63989405029897e-05	0.960953306629308	0.000199473441048068	0.038780820989141
0.884694914459809	0.000250384600194241	0.0990121783812456	0.0160425225587513
0.00924326776606861	0.910410390747529	0.000196694302019171	0.080149647184383
0.0878068277684838	0.000358846436159671	0.911543450527473	0.000290875267883891
0.000265868398794922	0.0120040748785527	0.000161257335331442	0.987568799387321
0.0843659662487618	0.115026677155568	0.724269873523743	0.0763374830719276
0.220745309589921	0.300969698906026	0.236751150505887	0.241533840998166

MOTIF M0163
letter-probability matrix: alength= 4 w= 10   
0.225251047452421	0.256522286206786	0.261704380134007	0.256522286206786
0.267546039068715	0.242085667200772	0.343535914283858	0.146832379446655
0.175501780245846	0.148064677247701	0.301162259200067	0.375271283306386
0.00573913955096617	0.989608385048838	0.00150276883313859	0.00314970656705682
0.975564116051236	0.000424440217115479	0.0231736506385176	0.000837793093131095
0.00291193566102575	0.795378446496231	0.0621044742305787	0.139605143612165
0.1516540528279	0.0233734779583226	0.766321625602682	0.0586508436110946
0.132497831992076	0.184300261381256	0.101146127991452	0.582055778635216
0.11844212862297	0.100929724260728	0.654861966295081	0.125766180821221
0.249650970312131	0.281480683014959	0.249650970312131	0.219217376360779

MOTIF M0166
letter-probability matrix: alength= 4 w= 8   
0.00961538461538462	0.00961538461538462	0.971153846153846	0.00961538461538462
0.00961538461538462	0.971153846153846	0.00961538461538462	0.00961538461538462
0.971153846153846	0.00961538461538462	0.00961538461538462	0.00961538461538462
0.00961538461538462	0.971153846153846	0.00961538461538462	0.00961538461538462
0.00961538461538462	0.00961538461538462	0.971153846153846	0.00961538461538462
0.00961538461538462	0.00961538461538462	0.00961538461538462	0.971153846153846
0.00961538461538462	0.00961538461538462	0.971153846153846	0.00961538461538462
0.00961538461538462	0.971153846153846	0.00961538461538462	0.00961538461538462

MOTIF M0167
letter-probability matrix: alength= 4 w= 10   
0.253827	0.204611	0.300345	0.241217
0.269239	0.227841	0.333994	0.168926
0.129931	0.796278	0.018776	0.055015
0.681995	0.084955	0.120074	0.112976
0.002241	0.864955	0.000000	0.132804
0.132804	0.000000	0.864955	0.002241
0.112976	0.120074	0.084955	0.681995
0.055014	0.018776	0.796278	0.129932
0.168926	0.333994	0.227841	0.269239
0.241218	0.300345	0.204611	0.253826

MOTIF M0227
letter-probability matrix: alength= 4 w= 9  
0.222539472064567	0.216601892461723	0.343011549894998	0.217847084576084
0.000142143723508852	0.999573567826847	0.000142143723508852	0.000142143723508852
0.999573567826847	0.000142143723508852	0.000142143723508852	0.000142143723508852
0.999573567826847	0.000142143723508852	0.000142143723508852	0.000142143723508852
0.000142143723508852	0.000142143723508852	0.999573567826847	0.000142143723508852
0.000142143723508852	0.000142143723508852	0.000142143723508852	0.999573567826847
0.000142143723508852	0.000142143723508852	0.822701279127233	0.177014432423123
0.000142143723508852	0.000142143723508852	0.999573567826847	0.000142143723508852
0.222477197313835	0.306228295637884	0.2501794303051	0.221115075740557

MOTIF M0251
letter-probability matrix: alength= 4 w= 10   
0.249633	0.272331	0.222488	0.255548
0.207995	0.230574	0.392066	0.169365
0.105898	0.844263	0.012262	0.037577
0.923118	0.000000	0.010419	0.066463
0.021852	0.939508	0.000000	0.038640
0.038639	0.000000	0.939508	0.021853
0.066463	0.010419	0.000000	0.923118
0.037577	0.012262	0.844263	0.105898
0.169366	0.392066	0.230574	0.207994
0.255548	0.222488	0.272331	0.249633

MOTIF M0253
letter-probability matrix: alength= 4 w= 8   
0.143162393162393	0.0719373219373219	0.641737891737892	0.143162393162393
0.000525210084033614	0.998424369747899	0.000525210084033614	0.000525210084033614
0.998424369747899	0.000525210084033614	0.000525210084033614	0.000525210084033614
0.000525210084033614	0.945903361344538	0.000525210084033614	0.053046218487395
0.000525210084033614	0.000525210084033614	0.998424369747899	0.000525210084033614
0.000525210084033614	0.000525210084033614	0.000525210084033614	0.998424369747899
0.000525210084033614	0.000525210084033614	0.998424369747899	0.000525210084033614
0.230828220858896	0.154141104294479	0.460889570552147	0.154141104294479

MOTIF M0255
letter-probability matrix: alength= 4 w= 9   
0.251670238301819	0.336339024368	0.122501056266289	0.289489681063893
0.184008376894705	0.331948980221137	0.263744619112652	0.220298023771507
0.62107473113803	0.130510203957799	0.137201605201815	0.111213459702357
0.0699570906293784	0.65059157391851	0.148099162005811	0.131352173446301
0.115812068078117	0.162709885995195	0.633949167804745	0.0875288781219433
0.0275934240098021	0.0584152790797529	0.000222590278107175	0.913768706632338
0.0323719562598395	0.000107237690830076	0.950789317254461	0.0167314887948698
0.00244862191082542	0.0733707518720943	0.542140601420519	0.382040024796561
0.288877737275012	0.476278870036821	0.133754167519901	0.101089225168266

MOTIF M0256
letter-probability matrix: alength= 4 w= 13
0.230716	0.307852	0.230716	0.230716
0.307852	0.230716	0.230716	0.230716
0.191026	0.267809	0.191026	0.350139
0.274155	0.120235	0.403400	0.202210
0.699117	0.177248	0.102805	0.020830
0.000187	0.840327	0.000186	0.159300
0.999440	0.000187	0.000186	0.000187
0.000187	0.917465	0.000186	0.082162
0.019471	0.019471	0.941587	0.019471
0.019471	0.019471	0.019471	0.941587
0.218042	0.059161	0.663636	0.059161
0.212525	0.129952	0.286897	0.370626
0.229357	0.229357	0.229357	0.311929

MOTIF M0257
letter-probability matrix: alength= 4 w= 11   
0.210196	0.210195	0.369414	0.210195
0.259922	0.165850	0.326346	0.247882
0.675154	0.179696	0.072575	0.072575
0.161900	0.743569	0.000230	0.094301
0.733511	0.079868	0.104359	0.082262
0.000230	0.905239	0.000230	0.094301
0.176333	0.000230	0.823207	0.000230
0.000229	0.104359	0.000230	0.895182
0.119672	0.040035	0.706187	0.134106
0.164017	0.188508	0.397370	0.250105
0.177655	0.283270	0.281783	0.257292

MOTIF M0258
letter-probability matrix: alength= 4 w= 10   
0.243553786550117	0.164680841774779	0.346029887969201	0.245735482740594
0.279185571940926	0.553322452309783	0.0443095150043236	0.123182459779661
0.000216786150521388	0.839197060002513	0.000216786150521388	0.160369366731137
0.999349640583128	0.000216786150521388	0.000216786150521388	0.000216786150521388
0.000216786150521388	0.760324115227176	0.000216786150521388	0.239242311506476
0.0812714271163373	0.0793147257653214	0.839197060002513	0.000216786150521388
0.0790897309258585	0.000216786150521388	0.000216786150521388	0.920476695807791
